"","Sensitivity","Specificity","Pos.Pred.Value","Neg.Pred.Value","Precision","Recall","F1","Prevalence","Detection.Rate","Detection.Prevalence","Balanced.Accuracy"
"Class: DENV1_1A",1,1,1,1,1,1,1,0.0128743352924713,0.0128743352924713,0.0128743352924713,1
"Class: DENV1_1B",1,1,1,1,1,1,1,0.0204310103554436,0.0204310103554436,0.0204310103554436,1
"Class: DENV1_1C",0.987341772151899,0.999713795077275,0.987341772151898,0.999713795077275,0.987341772151899,0.987341772151899,0.987341772151899,0.0221102714805486,0.0218303946263644,0.0221102714805486,0.993527783614587
"Class: DENV1_1D",0.992063492063492,1,1,0.999709976798144,1,0.992063492063492,0.99601593625498,0.035264483627204,0.0349846067730199,0.0349846067730199,0.996031746031746
"Class: DENV1_1E",0.99812030075188,0.999342321604735,0.99624765478424,0.999671052631579,0.99624765478424,0.99812030075188,0.997183098591549,0.148894486425973,0.148614609571788,0.149174363280157,0.998731311178307
"Class: DENV1_1F",1,1,1,1,1,1,1,0.017632241813602,0.017632241813602,0.017632241813602,1
"Class: DENV1_1G",0.989583333333333,1,1,0.999712478435883,1,0.989583333333333,0.994764397905759,0.0268681780016793,0.0265883011474951,0.0265883011474951,0.994791666666667
"Class: DENV1_1H",1,0.999701403404001,0.995555555555555,1,0.995555555555556,1,0.997772828507795,0.0626924153372516,0.0626924153372516,0.0629722921914358,0.999850701702001
"Class: DENV1_1I",1,1,1,1,1,1,1,0.00783655191715645,0.00783655191715645,0.00783655191715645,1
"Class: DENV1_1J",0.988461538461539,1,1,0.999095295536791,1,0.988461538461539,0.994197292069632,0.0727679820878813,0.0719283515253289,0.0719283515253289,0.994230769230769
"Class: DENV1_1K",1,0.999137931034483,0.968750000000001,1,0.96875,1,0.984126984126984,0.0260285474391268,0.0260285474391268,0.0268681780016793,0.999568965517241
"Class: DENV1_1L",1,1,1,1,1,1,1,0.0979568989644556,0.0979568989644556,0.0979568989644556,1
"Class: DENV1_1M",1,1,1,1,1,1,1,0.022949902043101,0.022949902043101,0.022949902043101,1
"Class: DENV1_2A",1,1,1,1,1,1,1,0.000279876854184159,0.000279876854184159,0.000279876854184159,1
"Class: DENV1_4A",1,1,1,1,1,1,1,0.0100755667506297,0.0100755667506297,0.0100755667506297,1
"Class: DENV1_4B",0.789473684210526,1,1,0.998875772906127,1,0.789473684210526,0.882352941176471,0.00531766022949902,0.00419815281276238,0.00419815281276238,0.894736842105263
"Class: DENV1_4C",1,0.998866213151927,0.918367346938778,1,0.918367346938776,1,0.957446808510638,0.0125944584382872,0.0125944584382872,0.0137139658550238,0.999433106575964
"Class: DENV1_4D",1,1,1,1,1,1,1,0.00391827595857823,0.00391827595857823,0.00391827595857823,1
"Class: DENV1_4E",1,1,1,1,1,1,1,0.00923593618807725,0.00923593618807725,0.00923593618807725,1
"Class: DENV1_4F",1,1,1,1,1,1,1,0.00391827595857823,0.00391827595857823,0.00391827595857823,1
"Class: DENV1_4G",1,1,1,1,1,1,1,0.00195913797928911,0.00195913797928911,0.00195913797928911,1
"Class: DENV1_4H",1,1,1,1,1,1,1,0.029946823397705,0.029946823397705,0.029946823397705,1
"Class: DENV1_5A",1,0.999720044792833,0.500000000000014,1,0.5,1,0.666666666666667,0.000279876854184159,0.000279876854184159,0.000559753708368318,0.999860022396417
"Class: DENV1_5B",1,1,1,1,1,1,1,0.00699692135460397,0.00699692135460397,0.00699692135460397,1
"Class: DENV1_5C",0.998579545454545,1,1,0.999651567944251,1,0.998579545454545,0.999289267945984,0.197033305345648,0.196753428491464,0.196753428491464,0.999289772727273
"Class: DENV1_5D",1,1,1,1,1,1,1,0.000279876854184159,0.000279876854184159,0.000279876854184159,1
"Class: DENV1_5H",1,1,1,1,1,1,1,0.000279876854184159,0.000279876854184159,0.000279876854184159,1
"Class: DENV1_5I",1,1,1,1,1,1,1,0.00139938427092079,0.00139938427092079,0.00139938427092079,1
"Class: DENV1_5J",1,1,1,1,1,1,1,0.000279876854184159,0.000279876854184159,0.000279876854184159,1
"Class: DENV1_5K",1,0.999718468468468,0.954545454545453,1,0.954545454545455,1,0.976744186046512,0.00587741393786734,0.00587741393786734,0.0061572907920515,0.999859234234234
"Class: DENV1_5L",0.984848484848485,1,1,0.999714937286203,1,0.984848484848485,0.99236641221374,0.0184718723761545,0.0181919955219703,0.0181919955219703,0.992424242424242
"Class: DENV1_5M",1,1,1,1,1,1,1,0.0047579065211307,0.0047579065211307,0.0047579065211307,1
"Class: DENV1_5N",1,1,1,1,1,1,1,0.0167926112510495,0.0167926112510495,0.0167926112510495,1
"Class: DENV1_5O",1,1,1,1,1,1,1,0.0419815281276238,0.0419815281276238,0.0419815281276238,1
"Class: DENV1_5P",1,1,1,1,1,1,1,0.0288273159809684,0.0288273159809684,0.0288273159809684,1
"Class: DENV1_5Q",0.96875,1,1,0.999717673630717,1,0.96875,0.984126984126984,0.00895605933389309,0.00867618247970893,0.00867618247970893,0.984375
"Class: DENV1_5R",1,0.999715504978663,0.983050847457629,1,0.983050847457627,1,0.991452991452991,0.0162328575426812,0.0162328575426812,0.0165127343968654,0.999857752489332
